1444 1444 1444 1444 1444 1444 1444 1444 1444 1444 1444 1444 1444 1444 1444 1444 1444 1444 1444 1444 1444 1444 1444 1444 1444 1444 1444 1444 1444 1444 1444 1444 1444 1444 1444 1444 1444 1444 1444 1444 1444 1444 1444 1444 1444 1444 1444 1444 1444 1444 1444 1444 1444 1444 1444 1444 1444 1444 1444 1444 1444 1444 1444 1444 1444 1444 1444 1444 1444 1444 1444 1444 1444 1444 1444 1444 1444 1444 1444 1444 1444 1444 1444 1444 1444 1444 1444 1444 1444 1444 1444 1444 1444 1444 1444 1444 1444 1444 1444 1444 
1444 1444 1444 1444 1444 1444 1444 1444 1444 1444 1444 1444 1444 1444 1444 1444 1444 1444 1444 1444 1444 1444 1444 1444 1444 1444 1444 1444 1444 1444 1444 1444 1444 1444 1444 1444 1444 1444 1444 1444 1444 1444 1444 1444 1444 1444 1444 1444 1444 1444 1444 1444 1444 1444 1444 1444 1444 1444 1444 1444 1444 1444 1444 1444 1444 1444 1444 1444 1444 1444 1444 1444 1444 1444 1444 1444 1444 1444 1444 1444 1444 1444 1444 1444 1444 1444 1444 1444 1444 1444 1444 1444 1444 1444 1444 1444 1444 1444 1444 1444 
1508 1508 1508 1508 1508 1508 1508 1508 1508 1508 1508 1508 1508 1508 1508 1508 1508 1508 1508 1508 1508 1508 1508 1508 1508 1508 1508 1508 1508 1508 1508 1508 1508 1508 1508 1508 1508 1508 1508 1508 1508 1508 1508 1508 1508 1508 1508 1508 1508 1508 1508 1508 1508 1508 1508 1508 1508 1508 1508 1508 1508 1508 1508 1508 1508 1508 1508 1508 1508 1508 1508 1508 1508 1508 1508 1508 1508 1508 1508 1508 1508 1508 1508 1508 1508 1508 1508 1508 1508 1508 1508 1508 1508 1508 1508 1508 1508 1508 1508 1508 
1186 1187 1444 1444 1444 1444 1444 1444 1444 1444 1444 1444 1444 1444 1444 1444 1444 1444 1444 1444 1444 1444 1444 1444 1444 1444 1444 1444 1444 1444 1444 1444 1444 1444 1444 1444 1444 1444 1444 1444 1444 1444 1444 1444 1444 1444 1444 1444 1444 1444 1444 1444 1444 1444 1444 1444 1444 1444 1444 1444 1444 1444 1444 1444 1444 1444 1444 1444 1444 1444 1444 1444 1444 1444 1444 1444 1444 1444 1444 1444 1444 1444 1444 1444 1444 1444 1444 1444 1444 1444 1444 1444 1444 1444 1444 1444 1444 1187 1188 1189 
1250 1251 1508 1508 1508 1508 1508 1508 1508 1508 1508 1508 1508 1508 1508 1508 1508 1508 1508 1508 1508 1508 1508 1508 1508 1508 1508 1508 1508 1508 1508 1508 1508 1508 1508 1508 1508 1508 1508 1508 1508 1508 1508 1508 1508 1508 1508 1508 1508 1508 1508 1508 1508 1508 1508 1508 1508 1508 1508 1508 1508 1508 1508 1508 1508 1508 1508 1508 1508 1508 1508 1508 1508 1508 1508 1508 1508 1508 1508 1508 1508 1508 1508 1508 1508 1508 1508 1508 1508 1508 1508 1508 1508 1508 1508 1508 1508 1251 1252 1253 
1444 1444 1444 1444 1444 1444 1444 1444 1444 1444 1444 1444 1444 1444 1444 1444 1444 1444 1444 1444 1444 1444 1444 1444 1444 1444 1444 1444 1444 1444 1444 1444 1444 1444 1444 1444 1444 1444 1444 1444 1444 1444 1444 1444 1444 1444 1444 1444 1444 1444 1444 1444 1444 1444 1444 1444 1444 1444 1444 1444 1444 1444 1444 1444 1444 1444 1444 1444 1444 1444 1444 1444 1444 1444 1444 1444 1444 1444 1444 1444 1444 1444 1444 1444 1444 1444 1444 1444 1444 1444 1444 1444 1444 1444 1444 1444 1444 1444 1444 1444 
1508 1508 1508 1508 1508 1508 1508 1508 1508 1508 1508 1508 1508 1508 1508 1508 1508 1508 1508 1508 1508 1508 1508 1508 1508 1508 1508 1508 1508 1508 1508 1508 1508 1508 1508 1508 1508 1508 1508 1508 1508 1508 1508 1508 1508 1508 1508 1508 1508 1508 1508 1508 1508 1508 1508 1508 1508 1508 1508 1508 1508 1508 1508 1508 1508 1508 1508 1508 1508 1508 1508 1508 1508 1508 1508 1508 1508 1508 1508 1508 1508 1508 1508 1508 1508 1508 1508 1508 1508 1508 1508 1508 1508 1508 1508 1508 1508 1508 1508 1508 
1444 1444 1444 1444 1444 1444 1444 1444 1444 1444 1444 1444 1444 1444 1444 1444 1444 1444 1444 1444 1444 1444 1444 1444 1444 1444 1444 1444 1444 1444 1444 1444 1444 1444 1444 1444 1444 1444 1444 1444 1444 1444 1444 1444 1444 1444 1444 1444 1444 1444 1444 1444 1444 1444 1444 1444 1444 1444 1444 1444 1444 1444 1444 1444 1444 1444 1444 1444 1444 1444 1444 1444 1444 1444 1444 1444 1444 1444 1444 1444 1444 1444 1444 1444 1444 1444 1444 1444 1444 1444 1444 1444 1444 1444 1444 1444 1444 1444 1444 1444 
1508 1508 1508 1508 1508 1508 1508 1508 1508 1508 1508 1508 1508 1508 1508 1508 1508 1508 1508 1508 1508 1508 1508 1508 1508 1508 1508 1508 1508 1508 1508 1508 1508 1508 1508 1508 1508 1508 1508 1508 1508 1508 1508 1508 1508 1508 1508 1508 1508 1508 1508 1508 1508 1508 1508 1508 1508 1508 1508 1508 1508 1508 1508 1508 1508 1508 1508 1508 1508 1508 1508 1508 1508 1508 1508 1508 1508 1508 1508 1508 1508 1508 1508 1508 1508 1508 1508 1508 1508 1508 1508 1508 1508 1508 1508 1508 1508 1508 1508 1508 
1314 1315 1444 1444 1444 1444 1444 1444 1444 1444 1444 1444 1444 1444 1444 1444 1444 1444 1444 1444 1444 1444 1444 1444 1444 1444 1444 1444 1444 1444 1444 1444 1444 1444 1444 1444 1444 1444 1444 1444 1444 1444 1444 1444 1444 1444 1444 1444 1444 1444 1444 1444 1444 1444 1444 1444 1444 1444 1444 1444 1444 1444 1444 1444 1444 1444 1444 1444 1444 1444 1444 1444 1444 1444 1444 1444 1444 1444 1444 1444 1444 1444 1444 1444 1444 1444 1444 1444 1444 1444 1444 1444 1444 1444 1444 1444 1444 1315 1316 1317 
1378 1379 1508 1508 1508 1508 1508 1508 1508 1508 1508 1508 1508 1508 1508 1508 1508 1508 1508 1508 1508 1508 1508 1508 1508 1508 1508 1508 1508 1508 1508 1508 1508 1508 1508 1508 1508 1508 1508 1508 1508 1508 1508 1508 1508 1508 1508 1508 1508 1508 1508 1508 1508 1508 1508 1508 1508 1508 1508 1508 1508 1508 1508 1508 1508 1508 1508 1508 1508 1508 1508 1508 1508 1508 1508 1508 1508 1508 1508 1508 1508 1508 1508 1508 1508 1508 1508 1508 1508 1508 1508 1508 1508 1508 1508 1508 1508 1379 1380 1381 
1442 1443 1444 1444 1444 1444 1444 1444 1444 1444 1444 1444 1444 1444 1444 1444 1444 1444 1444 1444 1444 1444 1444 1444 1444 1444 1444 1444 1444 1444 1444 1444 1444 1444 1444 1444 1444 1444 1444 1444 1444 1444 1444 1444 1444 1444 1444 1444 1444 1444 1444 1444 1444 1444 1444 1444 1444 1444 1444 1444 1444 1444 1444 1444 1444 1444 1444 1444 1444 1444 1444 1444 1444 1444 1444 1444 1444 1444 1444 1444 1444 1444 1444 1444 1444 1444 1444 1444 1444 1444 1444 1444 1444 1444 1444 1444 1444 1444 1444 1444 
1506 1507 1508 1508 1508 1508 1508 1508 1508 1508 1508 1508 1508 1508 1508 1508 1508 1508 1508 1508 1508 1508 1508 1508 1508 1508 1508 1508 1508 1508 1508 1508 1508 1508 1508 1508 1508 1508 1508 1508 1508 1508 1508 1508 1508 1508 1508 1508 1508 1508 1508 1508 1508 1508 1508 1508 1508 1508 1508 1508 1508 1508 1508 1508 1508 1508 1508 1508 1508 1508 1508 1508 1508 1508 1508 1508 1508 1508 1508 1508 1508 1508 1508 1508 1508 1508 1508 1508 1508 1508 1508 1508 1508 1508 1508 1508 1508 1508 1508 1508 
1570 1571 1444 1444 1444 1444 1444 1444 1444 1444 1444 1444 1444 1444 1444 1444 1444 1444 1444 1444 1444 1444 1444 1444 1444 1444 1444 1444 1444 1444 1444 1444 1444 1444 1444 1444 1444 1444 1444 1444 1444 1444 1444 1444 1444 1444 1444 1444 1444 1444 1444 1444 1444 1444 1444 1444 1444 1444 1444 1444 1444 1444 1444 1444 1444 1444 1444 1444 1444 1444 1444 1444 1444 1444 1444 1444 1444 1444 1444 1444 1444 1444 1444 1444 1444 1444 1444 1444 1444 1444 1444 1444 1444 1444 1444 1444 1444 1444 1444 1444 
1634 1635 1508 1508 1508 1508 1508 1508 1508 1508 1508 1508 1508 1508 1508 1508 1508 1508 1508 1508 1508 1508 1508 1508 1508 1508 1508 1508 1508 1508 1508 1508 1508 1508 1508 1508 1508 1508 1508 1508 1508 1508 1508 1508 1508 1508 1508 1508 1508 1508 1508 1508 1508 1508 1508 1508 1508 1508 1508 1508 1508 1508 1508 1508 1508 1508 1508 1508 1508 1508 1508 1508 1508 1508 1508 1508 1508 1508 1508 1508 1508 1508 1508 1508 1508 1508 1508 1508 1508 1508 1508 1508 1508 1508 1508 1508 1508 1635 1635 1635 
1570 1571 1444 1444 1444 1444 1444 1444 1444 1444 1444 1444 1444 1444 1444 1444 1444 1444 1444 1444 1444 1444 1444 1444 1444 1444 1444 1444 1444 1444 1444 1444 1444 1444 1444 1444 1444 1444 1444 1444 1444 1444 1444 1444 1444 1444 1444 1444 1444 1444 1444 1444 1444 1444 1444 1444 1444 1444 1444 1444 1444 1444 1444 1444 1444 1444 1444 1444 1444 1444 1444 1444 1444 1444 1444 1444 1444 1444 1444 1444 1444 1444 1444 1444 1444 1444 1444 1444 1444 1444 1444 1444 1444 1444 1444 1444 1444 1571 1571 1573 
1634 1635 1508 1508 1508 1508 1508 1508 1508 1508 1508 1508 1508 1508 1508 1508 1508 1508 1508 1508 1508 1508 1508 1508 1508 1508 1508 1508 1508 1508 1508 1508 1508 1508 1508 1508 1508 1508 1508 1508 1508 1508 1508 1508 1508 1508 1508 1508 1508 1508 1508 1508 1508 1508 1508 1508 1508 1508 1508 1508 1508 1508 1508 1508 1508 1508 1508 1508 1508 1508 1508 1508 1508 1508 1508 1508 1508 1508 1508 1508 1508 1508 1508 1508 1508 1508 1508 1508 1508 1508 1508 1508 1508 1508 1508 1508 1508 1635 1635 1637 
1570 1571 1444 1444 1444 1444 1444 1444 1444 1444 1444 1444 1444 1444 1444 1444 1444 1444 1444 1444 1444 1444 1444 1444 1444 1444 1444 1444 1444 1444 1444 1444 1444 1444 1444 1444 1444 1444 1444 1444 1444 1444 1444 1444 1444 1444 1444 1444 1444 1444 1444 1444 1444 1444 1444 1444 1444 1444 1444 1444 1444 1444 1444 1444 1444 1444 1444 1444 1444 1444 1444 1444 1444 1444 1444 1444 1444 1444 1444 1444 1444 1444 1444 1444 1444 1444 1444 1444 1444 1444 1444 1444 1444 1444 1444 1444 1444 1572 1572 1572 
1634 1635 1636 1636 1636 1636 1636 1636 1636 1636 1636 1636 1636 1636 1636 1636 1636 1636 1636 1636 1636 1636 1636 1636 1636 1636 1636 1636 1636 1636 1636 1636 1636 1636 1636 1636 1636 1636 1636 1636 1636 1636 1636 1636 1636 1636 1636 1636 1636 1636 1636 1636 1636 1636 1636 1636 1636 1636 1636 1636 1636 1636 1636 1636 1636 1636 1636 1636 1636 1636 1636 1636 1636 1636 1636 1636 1636 1636 1636 1636 1636 1636 1636 1636 1636 1636 1636 1636 1636 1636 1636 1636 1636 1636 1636 1636 1636 1636 1636 1636 
4634 4635 4634 4635 4634 4635 4634 4635 4634 4635 4634 4635 4634 4635 4634 4635 4634 4635 4634 4635 4634 4635 4634 4635 4634 4635 4634 4635 4634 4635 4634 4635 4634 4635 4634 4635 4634 4635 4634 4635 4634 4635 4634 4635 4634 4635 4634 4635 4634 4635 4634 4635 4634 4635 4634 4635 4634 4635 4634 4635 4634 4635 4634 4635 4634 4635 4634 4635 4634 4635 4634 4635 4634 4635 4634 4635 4634 4635 4634 4635 4634 4635 4634 4635 4634 4635 4634 4635 4634 4635 4634 4635 4634 4635 4634 4635 4634 4635 4634 4635 
5009 5009 5009 5009 5009 5009 1028 1029 1030 1031 1032 1033 1034 1035 1036 1037 1038 1039 1580 1581 1580 1581 1580 1581 1580 1581 1580 1581 1580 1581 1580 1581 1580 1581 1580 1581 1580 1581 1580 1581 1580 1581 1580 1581 1580 1581 1580 1581 1580 1581 1580 1581 1580 1581 1580 1581 1580 1581 1580 1581 1580 1581 1580 1581 1580 1581 1580 1581 1580 1581 1580 1581 1580 1581 1580 1581 1580 1581 1580 1581 1580 1581 1044 1045 1046 1047 1048 1049 1050 1051 1052 1053 1054 1055 5009 5009 5009 5009 5009 5009 
5009 5009 5009 5009 5009 5009 1092 1093 1094 1095 1096 1097 1098 1099 1100 1101 1102 1103 1644 1645 1644 1645 1644 1645 1644 1645 1644 1645 1644 1645 1644 1645 1644 1645 1644 1645 1644 1645 1644 1645 1644 1645 1644 1645 1644 1645 1644 1645 1644 1645 1644 1645 1644 1645 1644 1645 1644 1645 1644 1645 1644 1645 1644 1645 1644 1645 1644 1645 1644 1645 1644 1645 1644 1645 1644 1645 1644 1645 1644 1645 1644 1645 1108 1109 1110 1111 1112 1113 1114 1115 1116 1117 1118 1119 5009 5009 5009 5009 5009 5009 
5009 5009 5009 5009 5009 5009 1092 1093 1030 1031 1032 1033 1034 1035 1036 1037 1102 1103 1644 1645 1644 1645 1644 1645 1644 1645 1644 1645 1644 1645 1644 1645 1644 1645 1644 1645 1644 1645 1644 1645 1644 1645 1644 1645 1644 1645 1644 1645 1644 1645 1644 1645 1644 1645 1644 1645 1644 1645 1644 1645 1644 1645 1644 1645 1644 1645 1644 1645 1644 1645 1644 1645 1644 1645 1644 1645 1644 1645 1644 1645 1644 1645 1108 1109 1046 1047 1048 1049 1050 1051 1052 1053 1118 1119 5009 5009 5009 5009 5009 5009 
5009 5009 5009 5009 5009 5009 1092 1093 1094 1095 1096 1097 1098 1099 1100 1101 1102 1103 1644 1645 1644 1645 1644 1645 1644 1645 1644 1645 1644 1645 1644 1645 1644 1645 1644 1645 1644 1645 1644 1645 1644 1645 1644 1645 1644 1645 1644 1645 1644 1645 1644 1645 1644 1645 1644 1645 1644 1645 1644 1645 1644 1645 1644 1645 1644 1645 1644 1645 1644 1645 1644 1645 1644 1645 1644 1645 1644 1645 1644 1645 1644 1645 1108 1109 1110 1111 1112 1113 1114 1115 1116 1117 1118 1119 5009 5009 5009 5009 5009 5009 
5009 5009 5009 5009 5009 5009 1092 1093 1030 1031 1032 1033 1034 1035 1036 1037 1102 1103 1516 1517 1516 1517 1516 1517 1516 1517 1516 1517 1516 1517 1516 1517 1516 1517 1516 1517 1516 1517 1516 1517 1516 1517 1516 1517 1516 1517 1516 1517 1516 1517 1516 1517 1516 1517 1516 1517 1516 1517 1516 1517 1516 1517 1516 1517 1516 1517 1516 1517 1516 1517 1516 1517 1516 1517 1516 1517 1516 1517 1516 1517 1516 1517 1108 1109 1046 1047 1048 1049 1050 1051 1052 1053 1118 1119 5009 5009 5009 5009 5009 5009 
5009 5009 5009 5009 5009 5009 1092 1093 1094 1095 1096 1097 1098 1099 1100 1101 1102 1103 1580 1581 1580 1581 1580 1581 1580 1581 1580 1581 1580 1581 1580 1581 1580 1581 1580 1581 1580 1581 1580 1581 1580 1581 1580 1581 1580 1581 1580 1581 1580 1581 1580 1581 1580 1581 1580 1581 1580 1581 1580 1581 1580 1581 1580 1581 1580 1581 1580 1581 1580 1581 1580 1581 1580 1581 1580 1581 1580 1581 1580 1581 1580 1581 1108 1109 1110 1111 1112 1113 1114 1115 1116 1117 1118 1119 5009 5009 5009 5009 5009 5009 
5009 5009 5009 5009 5009 5009 1092 1093 1030 1031 1032 1033 1034 1035 1036 1037 1102 1103 1644 1645 1644 1645 1644 1645 1644 1645 1644 1645 1644 1645 1644 1645 1644 1645 1644 1645 1644 1645 1644 1645 1644 1645 1644 1645 1644 1645 1644 1645 1644 1645 1644 1645 1644 1645 1644 1645 1644 1645 1644 1645 1644 1645 1644 1645 1644 1645 1644 1645 1644 1645 1644 1645 1644 1645 1644 1645 1644 1645 1644 1645 1644 1645 1108 1109 1046 1047 1048 1049 1050 1051 1052 1053 1118 1119 5009 5009 5009 5009 5009 5009 
5009 5009 5009 5009 5009 5009 1092 1093 1094 1095 1096 1097 1098 1099 1100 1101 1102 1103 1708 1709 1708 1709 1708 1709 1708 1709 1708 1709 1708 1709 1708 1709 1708 1709 1708 1709 1708 1709 1708 1709 1708 1709 1708 1709 1708 1709 1708 1709 1708 1709 1708 1709 1708 1709 1708 1709 1708 1709 1708 1709 1708 1709 1708 1709 1708 1709 1708 1709 1708 1709 1708 1709 1708 1709 1708 1709 1708 1709 1708 1709 1708 1709 1108 1109 1110 1111 1112 1113 1114 1115 1116 1117 1118 1119 5009 5009 5009 5009 5009 5009 
5009 5009 5009 5009 5009 5009 1092 1093 1030 1031 1032 1033 1034 1035 1036 1037 1102 1103 1772 1773 1772 1773 1772 1773 1772 1773 1772 1773 1772 1773 1772 1773 1772 1773 1772 1773 1772 1773 1772 1773 1772 1773 1772 1773 1772 1773 1772 1773 1772 1773 1772 1773 1772 1773 1772 1773 1772 1773 1772 1773 1772 1773 1772 1773 1772 1773 1772 1773 1772 1773 1772 1773 1772 1773 1772 1773 1772 1773 1772 1773 1772 1773 1108 1109 1046 1047 1048 1049 1050 1051 1052 1053 1118 1119 5009 5009 5009 5009 5009 5009 
5009 5009 5009 5009 5009 5009 1092 1093 1094 1095 1096 1097 1098 1099 1100 1101 1102 1103 1836 1837 1836 1837 2897 2898 2899 2900 2901 2902 2903 2904 2905 2906 2907 2908 1836 1837 1836 1837 1836 1837 1836 1837 1836 1837 2897 2898 2899 2900 2901 2902 2903 2904 2905 2906 2907 2908 1836 1837 1836 1837 1836 1837 1836 1837 1836 1837 2897 2898 2899 2900 2901 2902 2903 2904 2905 2906 2907 2908 1836 1837 1836 1837 1108 1109 1110 1111 1112 1113 1114 1115 1116 1117 1118 1119 5009 5009 5009 5009 5009 5009 
5009 5009 5009 5009 5009 5009 1092 1093 1030 1031 1032 1033 1034 1035 1036 1037 1102 1103 1900 1901 1900 1901 2961 2962 2963 2964 2965 2966 2967 2968 2969 2970 2971 2972 1900 1901 1900 1901 1900 1901 1900 1901 1900 1901 2961 2962 2963 2964 2965 2966 2967 2968 2969 2970 2971 2972 1900 1901 1900 1901 1900 1901 1900 1901 1900 1901 2961 2962 2963 2964 2965 2966 2967 2968 2969 2970 2971 2972 1900 1901 1900 1901 1108 1109 1046 1047 1048 1049 1050 1051 1052 1053 1118 1119 5009 5009 5009 5009 5009 5009 
5009 5009 5009 5009 5009 5009 1092 1093 1094 1095 1096 1097 1098 1099 1100 1101 1102 1103 1964 1965 1964 1965 3025 3026 3027 3028 3029 3030 3031 3032 3033 3034 3035 3036 1964 1965 1964 1965 1964 1965 1964 1965 1964 1965 3025 3026 3027 3028 3029 3030 3031 3032 3033 3034 3035 3036 1964 1965 1964 1965 1964 1965 1964 1965 1964 1965 3025 3026 3027 3028 3029 3030 3031 3032 3033 3034 3035 3036 1964 1965 1964 1965 1108 1109 1110 1111 1112 1113 1114 1115 1116 1117 1118 1119 5009 5009 5009 5009 5009 5009 
5009 5009 5009 5009 5009 5009 1092 1093 1030 1031 1032 1033 1034 1035 1036 1037 1102 1103 2028 2029 2028 2029 3089 3090 3091 3092 3093 3094 3095 3096 3097 3098 3099 3100 2028 2029 2028 2029 2028 2029 2028 2029 2028 2029 3089 3090 3091 3092 3093 3094 3095 3096 3097 3098 3099 3100 2028 2029 2028 2029 2028 2029 2028 2029 2028 2029 3089 3090 3091 3092 3093 3094 3095 3096 3097 3098 3099 3100 2028 2029 2028 2029 1108 1109 1046 1047 1048 1049 1050 1051 1052 1053 1118 1119 5009 5009 5009 5009 5009 5009 
5009 5009 5009 5009 5009 5009 1092 1093 1094 1095 1096 1097 1098 1099 1100 1101 1102 1103 2092 2093 2092 2093 3153 3154 3155 3156 3157 3158 3159 3160 3161 3162 3163 3164 2092 2093 2092 2093 2092 2093 2092 2093 2092 2093 3153 3154 3155 3156 3157 3158 3159 3160 3161 3162 3163 3164 2092 2093 2092 2093 2092 2093 2092 2093 2092 2093 3153 3154 3155 3156 3157 3158 3159 3160 3161 3162 3163 3164 2092 2093 2092 2093 1108 1109 1110 1111 1112 1113 1114 1115 1116 1117 1118 1119 5009 5009 5009 5009 5009 5009 
5009 5009 5009 5009 5009 5009 1092 1093 1030 1031 1032 1033 1034 1035 1036 1037 1102 1103 2092 2093 2092 2093 3217 3218 3219 3220 3221 3222 3223 3224 3225 3226 3227 3228 2092 2093 2092 2093 2092 2093 2092 2093 2092 2093 3217 3218 3219 3220 3221 3222 3223 3224 3225 3226 3227 3228 2092 2093 2092 2093 2092 2093 2092 2093 2092 2093 3217 3218 3219 3220 3221 3222 3223 3224 3225 3226 3227 3228 2092 2093 2092 2093 1108 1109 1046 1047 1048 1049 1050 1051 1052 1053 1118 1119 5009 5009 5009 5009 5009 5009 
5009 5009 5009 5009 5009 5009 1092 1093 1094 1095 1096 1097 1098 1099 1100 1101 1102 1103 2092 2093 2092 2093 3281 3282 3283 3284 3285 3286 3287 3288 3289 3290 3291 3292 2092 2093 2092 2093 2092 2093 2092 2093 2092 2093 3281 3282 3283 3284 3285 3286 3287 3288 3289 3290 3291 3292 2092 2093 2092 2093 2092 2093 2092 2093 2092 2093 3281 3282 3283 3284 3285 3286 3287 3288 3289 3290 3291 3292 2092 2093 2092 2093 1108 1109 1110 1111 1112 1113 1114 1115 1116 1117 1118 1119 5009 5009 5009 5009 5009 5009 
5009 5009 5009 5009 5009 5009 1092 1093 1030 1031 1032 1033 1034 1035 1036 1037 1102 1103 2092 2093 2092 2093 2911 2912 2913 2914 2915 2916 2917 2918 2919 2920 2921 2922 2092 2093 2092 2093 2092 2093 2092 2093 2092 2093 2911 2912 2913 2914 2915 2916 2917 2918 2919 2920 2921 2922 2092 2093 2092 2093 2092 2093 2092 2093 2092 2093 2911 2912 2913 2914 2915 2916 2917 2918 2919 2920 2921 2922 2092 2093 2092 2093 1108 1109 1046 1047 1048 1049 1050 1051 1052 1053 1118 1119 5009 5009 5009 5009 5009 5009 
5009 5009 5009 5009 5009 5009 1092 1093 1094 1095 1096 1097 1098 1099 1100 1101 1102 1103 2092 2093 2092 2093 2975 2976 2977 2978 2979 2980 2981 2982 2983 2984 2985 2986 2092 2093 2092 2093 2092 2093 2092 2093 2092 2093 2975 2976 2977 2978 2979 2980 2981 2982 2983 2984 2985 2986 2092 2093 2092 2093 2092 2093 2092 2093 2092 2093 2975 2976 2977 2978 2979 2980 2981 2982 2983 2984 2985 2986 2092 2093 2092 2093 1108 1109 1110 1111 1112 1113 1114 1115 1116 1117 1118 1119 5009 5009 5009 5009 5009 5009 
5009 5009 5009 5009 5009 5009 1092 1093 1030 1031 1032 1033 1034 1035 1036 1037 1102 1103 2092 2093 2092 2093 3039 3040 3041 3042 3043 3044 3045 3046 3047 3048 3049 3050 2092 2093 2092 2093 2092 2093 2092 2093 2092 2093 3039 3040 3041 3042 3043 3044 3045 3046 3047 3048 3049 3050 2092 2093 2092 2093 2092 2093 2092 2093 2092 2093 3039 3040 3041 3042 3043 3044 3045 3046 3047 3048 3049 3050 2092 2093 2092 2093 1108 1109 1046 1047 1048 1049 1050 1051 1052 1053 1118 1119 5009 5009 5009 5009 5009 5009 
5009 5009 5009 5009 5009 5009 1092 1093 1094 1095 1096 1097 1098 1099 1100 1101 1102 1103 2092 2093 2092 2093 3103 3104 3105 3106 3107 3108 3109 3110 3111 3112 3113 3114 2092 2093 2092 2093 2092 2093 2092 2093 2092 2093 3103 3104 3105 3106 3107 3108 3109 3110 3111 3112 3113 3114 2092 2093 2092 2093 2092 2093 2092 2093 2092 2093 3103 3104 3105 3106 3107 3108 3109 3110 3111 3112 3113 3114 2092 2093 2092 2093 1108 1109 1110 1111 1112 1113 1114 1115 1116 1117 1118 1119 5009 5009 5009 5009 5009 5009 
5009 5009 5009 5009 5009 5009 1156 1157 1158 1159 1160 1161 1162 1163 1164 1165 1166 1167 2092 2093 2092 2093 3167 3168 3169 3170 3171 3172 3173 3174 3175 3176 3177 3178 2092 2093 2092 2093 2092 2093 2092 2093 2092 2093 3167 3168 3169 3170 3171 3172 3173 3174 3175 3176 3177 3178 2092 2093 2092 2093 2092 2093 2092 2093 2092 2093 3167 3168 3169 3170 3171 3172 3173 3174 3175 3176 3177 3178 2092 2093 2092 2093 1108 1109 1174 1175 1176 1177 1178 1179 1180 1181 1182 1183 5009 5009 5009 5009 5009 5009 
5009 5009 5009 5009 5009 5009 1220 1221 1222 1223 1224 1225 1226 1227 1228 1229 1230 1231 2092 2093 2092 2093 2092 2093 2092 2093 2092 2093 2092 2093 2092 2093 2092 2093 2092 2093 2092 2093 2092 2093 2092 2093 2092 2093 2092 2093 2092 2093 2092 2093 2092 2093 2092 2093 2092 2093 2092 2093 2092 2093 2092 2093 2092 2093 2092 2093 2092 2093 2092 2093 2092 2093 2092 2093 2092 2093 2092 2093 2092 2093 2092 2093 1108 1109 1238 1239 1240 1241 1242 1243 1244 1245 1246 1247 5009 5009 5009 5009 5009 5009 
5009 5009 5009 5009 5009 5009 1284 1285 1286 1287 1288 1289 1290 1291 1292 1293 1294 1295 2092 2093 2092 2093 2092 2093 2092 2093 2092 2093 2092 2093 2092 2093 2092 2093 2092 2093 2092 2093 2092 2093 2092 2093 2092 2093 2092 2093 2092 2093 2092 2093 2092 2093 2092 2093 2092 2093 2092 2093 2092 2093 2092 2093 2092 2093 2092 2093 2092 2093 2092 2093 2092 2093 2092 2093 2092 2093 2092 2093 2092 2093 2092 2093 1108 1109 1302 1303 1304 1305 1306 1307 1308 1309 1310 1311 5009 5009 5009 5009 5009 5009 
5009 5009 5009 5009 5009 5009 1348 1349 1350 1351 1352 1353 1354 1355 1356 1357 1358 1359 2092 2093 2092 2093 2092 2093 2092 2093 2092 2093 2092 2093 2092 2093 2092 2093 2092 2093 2092 2093 2092 2093 2092 2093 2092 2093 2092 2093 2092 2093 2092 2093 2092 2093 2092 2093 2092 2093 2092 2093 2092 2093 2092 2093 2092 2093 2092 2093 2092 2093 2092 2093 2092 2093 2092 2093 2092 2093 2092 2093 2092 2093 2092 2093 1364 1365 1366 1367 1368 1369 1370 1371 1372 1373 1374 1375 5009 5009 5009 5009 5009 5009 
5009 5009 5009 5009 5009 5009 1412 1413 1414 1415 1416 1417 1418 1419 1420 1421 1422 1423 2092 2093 2092 2093 2092 2093 2092 2093 2092 2093 2092 2093 2092 2093 2092 2093 2092 2093 2092 2093 2092 2093 2092 2093 2092 2093 2092 2093 2092 2093 2092 2093 2092 2093 2092 2093 2092 2093 2092 2093 2092 2093 2092 2093 2092 2093 2092 2093 2092 2093 2092 2093 2092 2093 2092 2093 2092 2093 2092 2093 2092 2093 2092 2093 1428 1429 1430 1431 1432 1433 1434 1435 1436 1437 1438 1439 5009 5009 5009 5009 5009 5009 
5009 5009 5009 5009 5009 5009 1476 1477 1478 1479 1480 1481 1482 1483 1484 1485 1486 1487 2092 2093 2092 2093 2092 2093 2092 2093 2092 2093 2092 2093 2092 2093 2092 2093 2092 2093 2092 2093 2092 2093 2092 2093 2092 2093 2092 2093 2092 2093 2092 2093 2092 2093 2092 2093 2092 2093 2092 2093 2092 2093 2092 2093 2092 2093 2092 2093 2092 2093 2092 2093 2092 2093 2092 2093 2092 2093 2092 2093 2092 2093 2092 2093 1492 1493 1494 1495 1496 1497 1498 1499 1500 1501 1502 1503 5009 5009 5009 5009 5009 5009 
5009 5009 5009 5009 5009 5009 1540 1541 1542 1543 1544 1545 1546 1547 1548 1549 1550 1551 2064 2065 2092 2093 2092 2093 2092 2093 2092 2093 2092 2093 2092 2093 2092 2093 2092 2093 2092 2093 2092 2093 2092 2093 2092 2093 2092 2093 2092 2093 2092 2093 2092 2093 2092 2093 2092 2093 2092 2093 2092 2093 2092 2093 2092 2093 2092 2093 2092 2093 2092 2093 2092 2093 2092 2093 2092 2093 2092 2093 2092 2093 2092 2093 1556 1557 1558 1559 1560 1561 1562 1563 1564 1565 1566 1567 5009 5009 5009 5009 5009 5009 
5009 5009 5009 5009 5009 5009 1604 1605 1606 1607 1608 1609 1610 1611 1612 1613 1614 1615 2064 2065 2092 2093 2092 2093 2092 2093 2092 2093 2092 2093 2092 2093 2092 2093 2092 2093 2092 2093 2092 2093 2092 2093 2092 2093 2092 2093 2092 2093 2092 2093 2092 2093 2092 2093 2092 2093 2092 2093 2092 2093 2092 2093 2092 2093 2092 2093 2092 2093 2092 2093 2092 2093 2092 2093 2092 2093 2092 2093 2092 2093 2092 2093 1620 1621 1622 1623 1624 1625 1626 1627 1628 1629 1630 1631 5009 5009 5009 5009 5009 5009 
5009 5009 5009 5009 5009 5009 1668 1669 1670 1671 1672 1673 1674 1675 1676 1677 1678 1679 2064 2065 2092 2093 2092 2093 2092 2093 2092 2093 2092 2093 2092 2093 2092 2093 2092 2093 2092 2093 2092 2093 2092 2093 2092 2093 2092 2093 2092 2093 2092 2093 2092 2093 2092 2093 2092 2093 2092 2093 2092 2093 2092 2093 2092 2093 2092 2093 2092 2093 2092 2093 2092 2093 2092 2093 2092 2093 2092 2093 2092 2093 2092 2093 1684 1685 1686 1687 1688 1689 1690 1691 1692 1693 1694 1695 5009 5009 5009 5009 5009 5009 
5009 5009 5009 5009 5009 5009 1732 1733 1734 1735 1736 1737 1738 1739 1740 1741 1742 1743 2064 2065 2092 2093 2092 2093 2092 2093 2092 2093 2092 2093 2092 2093 2092 2093 2092 2093 2092 2093 2092 2093 2092 2093 2092 2093 2092 2093 2092 2093 2092 2093 2092 2093 2092 2093 2092 2093 2092 2093 2092 2093 2092 2093 2092 2093 2092 2093 2092 2093 2092 2093 2092 2093 2092 2093 2092 2093 2092 2093 2092 2093 2092 2093 1748 1749 1750 1751 1752 1753 1754 1755 1756 1757 1758 1759 5009 5009 5009 5009 5009 5009 
5009 5009 5009 5009 5009 5009 1796 1797 1798 1799 1800 1801 1802 1803 1804 1805 1806 1807 2064 2065 2092 2093 2092 2093 2092 2093 2092 2093 2092 2093 2092 2093 2092 2093 2092 2093 2092 2093 2092 2093 2092 2093 2092 2093 2092 2093 2092 2093 2092 2093 2092 2093 2092 2093 2092 2093 2092 2093 2092 2093 2092 2093 2092 2093 2092 2093 2092 2093 2092 2093 2092 2093 2092 2093 2092 2093 2092 2093 2092 2093 2092 2093 1812 1813 1814 1815 1816 1817 1818 1819 1820 1821 1822 1823 5009 5009 5009 5009 5009 5009 
5009 5009 5009 5009 5009 5009 1860 1861 1862 1863 1864 1865 1866 1867 1868 1869 1870 1871 2064 2065 2092 2093 2092 2093 2092 2093 2092 2093 2092 2093 2092 2093 2092 2093 2092 2093 2092 2093 2092 2093 2092 2093 2092 2093 2092 2093 2092 2093 2092 2093 2092 2093 2092 2093 2092 2093 2092 2093 2092 2093 2092 2093 2092 2093 2092 2093 2092 2093 2092 2093 2092 2093 2092 2093 2092 2093 2092 2093 2092 2093 2092 2093 1876 1877 1878 1879 1880 1881 1882 1883 1884 1885 1886 1887 5009 5009 5009 5009 5009 5009 
5009 5009 5009 5009 5009 5009 1924 1925 1926 1927 1928 1929 1930 1931 1932 1933 1934 1935 2064 2065 2092 2093 2092 2093 2092 2093 2092 2093 2092 2093 2092 2093 2092 2093 2092 2093 2092 2093 2092 2093 2092 2093 2092 2093 2092 2093 2092 2093 2092 2093 2092 2093 2092 2093 2092 2093 2092 2093 2092 2093 2092 2093 2092 2093 2092 2093 2092 2093 2092 2093 2092 2093 2092 2093 2092 2093 2092 2093 2092 2093 2092 2093 1940 1941 1942 1943 1944 1945 1946 1947 1948 1949 1950 1951 5009 5009 5009 5009 5009 5009 
5009 5009 5009 5009 5009 5009 1924 1925 1926 1927 1928 1929 1930 1931 1932 1933 1934 1935 2064 2065 2092 2093 2092 2093 2092 2093 2092 2093 2092 2093 2092 2093 2092 2093 2092 2093 2092 2093 2092 2093 2092 2093 2092 2093 2092 2093 2092 2093 2092 2093 2092 2093 2092 2093 2092 2093 2092 2093 2092 2093 2092 2093 2092 2093 2092 2093 2092 2093 2092 2093 2092 2093 2092 2093 2092 2093 2092 2093 2092 2093 2092 2093 2004 2005 2006 2007 2008 2009 2010 2011 2012 2013 2014 2015 5009 5009 5009 5009 5009 5009 
5009 5009 5009 5009 5009 5009 1924 1925 1926 1927 1928 1929 1930 1931 1932 1933 1934 1935 2064 2065 2092 2093 2092 2093 2092 2093 2092 2093 2092 2093 2092 2093 2092 2093 2092 2093 2092 2093 2092 2093 2092 2093 2092 2093 2092 2093 2092 2093 2092 2093 2092 2093 2092 2093 2092 2093 2092 2093 2092 2093 2092 2093 2092 2093 2092 2093 2092 2093 2092 2093 2092 2093 2092 2093 2092 2093 2092 2093 2092 2093 2092 2029 2068 2069 2070 2071 2072 2073 2074 2075 2076 2077 2078 2079 5009 5009 5009 5009 5009 5009 
5009 5009 5009 5009 5009 5009 1924 1925 1926 1927 1928 1929 1930 1931 1932 1933 1934 1935 2064 2065 2092 2093 2092 2093 2092 2093 2092 2093 2092 2093 2092 2093 2092 2093 2092 2093 2092 2093 2092 2093 2092 2093 2092 2093 2092 2093 2092 2093 2092 2093 2092 2093 2092 2093 2092 2093 2092 2093 2092 2093 2092 2093 2092 2093 2092 2093 2092 2093 2092 2093 2092 2093 2092 2093 2092 2093 2092 2093 2092 2093 2092 2093 2132 2133 2134 2135 2136 2137 2138 2139 2140 2141 2142 2143 5009 5009 5009 5009 5009 5009 
5009 5009 5009 5009 5009 5009 1924 1925 1926 1927 1928 1929 1930 1931 1932 1933 1934 1935 2064 2065 2092 2093 2092 2093 2092 2093 2092 2093 2092 2093 2092 2093 2092 2093 2092 2093 2092 2093 2092 2093 2092 2093 2092 2093 2092 2093 2092 2093 2092 2093 2092 2093 2092 2093 2092 2093 2092 2093 2092 2093 2092 2093 2092 2093 2092 2093 2092 2093 2092 2093 2092 2093 2092 2093 2092 2093 2092 2093 2092 2093 2092 2157 2196 2197 2198 2199 2200 2201 2202 2203 2204 2205 2206 2207 5009 5009 5009 5009 5009 5009 
5009 5009 5009 5009 5009 5009 1924 1925 1926 1927 1928 1929 1930 1931 1932 1933 1934 1935 2064 2065 2092 2093 2092 2093 2092 2093 2092 2093 2092 2093 2092 2093 2092 2093 2092 2093 2092 2093 2092 2093 2092 2093 2092 2093 2092 2093 2092 2093 2092 2093 2092 2093 2092 2093 2092 2093 2092 2093 2092 2093 2092 2093 2092 2093 2092 2093 2092 2093 2092 2093 2092 2093 2092 2093 2092 2093 2092 2093 2092 2093 2092 2221 2260 2261 2262 2263 2264 2265 2266 2267 2268 2269 2270 2271 5009 5009 5009 5009 5009 5009 
5009 5009 5009 5009 5009 5009 1924 1925 1926 1927 1928 1929 1930 1931 1932 1933 1934 1935 2256 2257 2284 2285 2284 2285 2284 2285 2284 2285 2284 2285 2284 2285 2284 2285 2284 2285 2284 2285 2284 2285 2284 2285 2284 2285 2284 2285 2284 2285 2284 2285 2284 2285 2284 2285 2284 2285 2284 2285 2284 2285 2284 2285 2284 2285 2284 2285 2284 2285 2284 2285 2284 2285 2284 2285 2284 2285 2284 2285 2284 2285 2284 2285 2324 2325 2326 2327 2328 2329 2330 2331 2332 2333 2334 2335 5009 5009 5009 5009 5009 5009 
5009 5009 5009 5009 5009 5009 1924 1925 1926 1927 1928 1929 1930 1931 1932 1933 1934 1935 2320 2321 2348 2349 2348 2349 2348 2349 2348 2349 2348 2349 2348 2349 2348 2349 2348 2349 2348 2349 2348 2349 2348 2349 2348 2349 2348 2349 2348 2349 2348 2349 2348 2349 2348 2349 2348 2349 2348 2349 2348 2349 2348 2349 2348 2349 2348 2349 2348 2349 2348 2349 2348 2349 2348 2349 2348 2349 2348 2349 2348 2349 2348 2349 2388 2389 2390 2391 2392 2393 2394 2395 2396 2397 2398 2399 5009 5009 5009 5009 5009 5009 
5009 5009 5009 5009 5009 5009 1924 1925 1926 1927 1928 1929 1930 1931 1932 1933 1934 1935 2384 2385 2412 2413 2412 2413 2412 2413 2412 2413 2412 2413 2412 2413 2412 2413 2412 2413 2412 2413 2412 2413 2412 2413 2412 2413 2412 2413 2412 2413 2412 2413 2412 2413 2412 2413 2412 2413 2412 2413 2412 2413 2412 2413 2412 2413 2412 2413 2412 2413 2412 2413 2412 2413 2412 2413 2412 2413 2412 2413 2412 2413 2412 2413 2452 2453 2454 2455 2456 2457 2458 2459 2460 2461 2462 2463 5009 5009 5009 5009 5009 5009 
5009 5009 5009 5009 5009 5009 1924 1925 1926 1927 1928 1929 1930 1931 1932 1933 1934 1935 2448 2449 2476 2477 2476 2477 2476 2477 2476 2477 2476 2477 2476 2477 2476 2477 2476 2477 2476 2477 2476 2477 2476 2477 2476 2477 2476 2477 2476 2477 2476 2477 2476 2477 2476 2477 2476 2477 2476 2477 2476 2477 2476 2477 2476 2477 2476 2477 2476 2477 2476 2477 2476 2477 2476 2477 2476 2477 2476 2477 2476 2477 2476 2477 2516 2517 2518 2519 2520 2521 2522 2523 2524 2525 2526 2527 5009 5009 5009 5009 5009 5009 
5009 5009 5009 5009 5009 5009 1924 1925 1926 1927 1928 1929 1930 1931 1932 1933 1934 1935 2512 2513 2540 2541 2540 2541 2540 2541 2540 2541 2540 2541 2540 2541 2540 2541 2540 2541 2540 2541 2540 2541 2540 2541 2540 2541 2540 2541 2540 2541 2540 2541 2540 2541 2540 2541 2540 2541 2540 2541 2540 2541 2540 2541 2540 2541 2540 2541 2540 2541 2540 2541 2540 2541 2540 2541 2540 2541 2540 2541 2540 2541 2540 2541 2580 2581 2582 2583 2584 2585 2586 2587 2588 2589 2590 2591 5009 5009 5009 5009 5009 5009 
5009 5009 5009 5009 5009 5009 1924 1925 1926 1927 1928 1929 1930 1931 1932 1933 1934 1935 2576 2577 2604 2605 2604 2605 2604 2605 2604 2605 2604 2605 2604 2605 2604 2605 2604 2605 2604 2605 2604 2605 2604 2605 2604 2605 2604 2605 2604 2605 2604 2605 2604 2605 2604 2605 2604 2605 2604 2605 2604 2605 2604 2605 2604 2605 2604 2605 2604 2605 2604 2605 2604 2605 2604 2605 2604 2605 2604 2605 2604 2605 2604 2605 2580 2581 2582 2583 2584 2585 2586 2587 2588 2589 2590 2591 5009 5009 5009 5009 5009 5009 
5009 5009 5009 5009 5009 5009 1924 1925 1926 1927 1928 1929 1930 1931 1932 1933 1934 1935 2640 2641 2668 2669 2668 2669 2668 2669 2668 2669 2668 2669 2668 2669 2668 2669 2668 2669 2668 2669 2668 2669 2668 2669 2668 2669 2668 2669 2668 2669 2668 2669 2668 2669 2668 2669 2668 2669 2668 2669 2668 2669 2668 2669 2668 2669 2668 2669 2668 2669 2668 2669 2668 2669 2668 2669 2668 2669 2668 2669 2668 2669 2668 2669 2580 2581 2582 2583 2584 2585 2586 2587 2588 2589 2590 2591 5009 5009 5009 5009 5009 5009 
5009 5009 5009 5009 5009 5009 1924 1925 1926 1927 1928 1929 1930 1931 1932 1933 1934 1935 2704 2705 2732 2733 2732 2733 2732 2733 2732 2733 2732 2733 2732 2733 2732 2733 2732 2733 2732 2733 2732 2733 2732 2733 2732 2733 2732 2733 2732 2733 2732 2733 2732 2733 2732 2733 2732 2733 2732 2733 2732 2733 2732 2733 2732 2733 2732 2733 2732 2733 2732 2733 2732 2733 2732 2733 2732 2733 2732 2733 2732 2733 2732 2733 2580 2581 2582 2583 2584 2585 2586 2587 2588 2589 2590 2591 5009 5009 5009 5009 5009 5009 
5009 5009 5009 5009 5009 5009 1924 1925 1926 1927 1928 1929 1930 1931 1932 1933 1934 1935 2768 2769 2796 2797 2796 2797 2796 2797 2796 2797 2796 2797 2796 2797 2796 2797 2796 2797 2796 2797 2796 2797 2796 2797 2796 2797 2796 2797 2796 2797 2796 2797 2796 2797 2796 2797 2796 2797 2796 2797 2796 2797 2796 2797 2796 2797 2796 2797 2796 2797 2796 2797 2796 2797 2796 2797 2796 2797 2796 2797 2796 2797 2796 2797 2580 2581 2582 2583 2584 2585 2586 2587 2588 2589 2590 2591 5009 5009 5009 5009 5009 5009 
66 67 68 69 70 71 72 73 74 75 76 77 78 79 66 67 68 69 70 71 72 73 74 75 76 77 78 79 66 67 68 69 70 71 72 73 74 75 76 77 78 79 66 67 68 69 70 71 72 73 74 75 76 77 78 79 66 67 68 69 70 71 72 73 74 75 76 77 78 79 66 67 68 69 70 71 72 73 74 75 76 77 78 79 66 67 68 69 70 71 72 73 74 75 76 77 78 79 66 67 
2884 2885 2886 2887 2888 2889 2890 2891 2892 2893 2884 2885 2886 2887 2888 2889 2890 2891 2892 2893 2884 2885 2886 2887 2888 2889 2890 2891 2892 2893 2884 2885 2886 2887 2888 2889 2890 2891 2892 2893 2884 2885 2886 2887 2888 2889 2890 2891 2892 2893 2884 2885 2886 2887 2888 2889 2890 2891 2892 2893 2884 2885 2886 2887 2888 2889 2890 2891 2892 2893 2884 2885 2886 2887 2888 2889 2890 2891 2892 2893 2884 2885 2886 2887 2888 2889 2890 2891 2892 2893 2884 2885 2886 2887 2888 2889 2890 2891 2892 2893 
2948 2949 2950 2951 2952 2953 2954 2955 2956 2957 2948 2949 2950 2951 2952 2953 2954 2955 2956 2957 2948 2949 2950 2951 2952 2953 2954 2955 2956 2957 2948 2949 2950 2951 2952 2953 2954 2955 2956 2957 2948 2949 2950 2951 2952 2953 2954 2955 2956 2957 2948 2949 2950 2951 2952 2953 2954 2955 2956 2957 2948 2949 2950 2951 2952 2953 2954 2955 2956 2957 2948 2949 2950 2951 2952 2953 2954 2955 2956 2957 2948 2949 2950 2951 2952 2953 2954 2955 2956 2957 2948 2949 2950 2951 2952 2953 2954 2955 2956 2957 
3012 3013 3014 3015 3016 3017 3018 3019 3020 3021 3012 3013 3014 3015 3016 3017 3018 3019 3020 3021 3012 3013 3014 3015 3016 3017 3018 3019 3020 3021 3012 3013 3014 3015 3016 3017 3018 3019 3020 3021 3012 3013 3014 3015 3016 3017 3018 3019 3020 3021 3012 3013 3014 3015 3016 3017 3018 3019 3020 3021 3012 3013 3014 3015 3016 3017 3018 3019 3020 3021 3012 3013 3014 3015 3016 3017 3018 3019 3020 3021 3012 3013 3014 3015 3016 3017 3018 3019 3020 3021 3012 3013 3014 3015 3016 3017 3018 3019 3020 3021 
3012 3013 3014 3015 3016 3017 3018 3019 3020 3021 3012 3013 3014 3015 3016 3017 3018 3019 3020 3021 3012 3013 3014 3015 3016 3017 3018 3019 3020 3021 3012 3013 3014 3015 3016 3017 3018 3019 3020 3021 3012 3013 3014 3015 3016 3017 3018 3019 3020 3021 3012 3013 3014 3015 3016 3017 3018 3019 3020 3021 3012 3013 3014 3015 3016 3017 3018 3019 3020 3021 3012 3013 3014 3015 3016 3017 3018 3019 3020 3021 3012 3013 3014 3015 3016 3017 3018 3019 3020 3021 3012 3013 3014 3015 3016 3017 3018 3019 3020 3021 
3012 3013 3014 3015 3016 3017 3018 3019 3020 3021 3012 3013 3014 3015 3016 3017 3018 3019 3020 3021 3012 3013 3014 3015 3016 3017 3018 3019 3020 3021 3012 3013 3014 3015 3016 3017 3018 3019 3020 3021 3012 3013 3014 3015 3016 3017 3018 3019 3020 3021 3012 3013 3014 3015 3016 3017 3018 3019 3020 3021 3012 3013 3014 3015 3016 3017 3018 3019 3020 3021 3012 3013 3014 3015 3016 3017 3018 3019 3020 3021 3012 3013 3014 3015 3016 3017 3018 3019 3020 3021 3012 3013 3014 3015 3016 3017 3018 3019 3020 3021 
3012 3013 3014 3015 3016 3017 3018 3019 3020 3021 3012 3013 3014 3015 3016 3017 3018 3019 3020 3021 3012 3013 3014 3015 3016 3017 3018 3019 3020 3021 3012 3013 3014 3015 3016 3017 3018 3019 3020 3021 3012 3013 3014 3015 3016 3017 3018 3019 3020 3021 3012 3013 3014 3015 3016 3017 3018 3019 3020 3021 3012 3013 3014 3015 3016 3017 3018 3019 3020 3021 3012 3013 3014 3015 3016 3017 3018 3019 3020 3021 3012 3013 3014 3015 3016 3017 3018 3019 3020 3021 3012 3013 3014 3015 3016 3017 3018 3019 3020 3021 
3012 3013 3014 3015 3016 3017 3018 3019 3020 3021 3012 3013 3014 3015 3016 3017 3018 3019 3020 3021 3012 3013 3014 3015 3016 3017 3018 3019 3020 3021 3012 3013 3014 3015 3016 3017 3018 3019 3020 3021 3012 3013 3014 3015 3016 3017 3018 3019 3020 3021 3012 3013 3014 3015 3016 3017 3018 3019 3020 3021 3012 3013 3014 3015 3016 3017 3018 3019 3020 3021 3012 3013 3014 3015 3016 3017 3018 3019 3020 3021 3012 3013 3014 3015 3016 3017 3018 3019 3020 3021 3012 3013 3014 3015 3016 3017 3018 3019 3020 3021 
