0 0 0 0 0 0 0 0 0 0 0 0 0 0 0 0 0 0 0 0 0 0 0 0 0 0 0 0 0 0 0 0 0 0 0 0 0 0 0 0 0 0 0 0 0 0 0 0 0 0 0 0 0 0 0 0 0 0 0 0 0 0 0 0 0 0 0 0 0 0 0 0 0 0 0 0 0 0 0 0 0 0 0 0 0 0 0 0 0 0 0 0 0 0 0 0 0 0 0 0 
0 0 0 0 0 0 0 0 0 0 0 0 0 0 0 0 0 0 0 0 0 0 0 0 0 0 0 0 0 0 0 0 0 0 0 0 0 0 0 0 0 0 0 0 0 0 0 0 0 0 0 0 0 0 0 0 0 0 0 0 0 0 0 0 0 0 0 0 0 0 0 0 0 0 0 0 0 0 0 0 0 0 0 0 0 0 0 0 0 0 0 0 0 0 0 0 0 0 0 0 
0 0 0 0 0 0 0 0 0 0 0 0 0 0 0 0 0 0 0 0 0 0 0 0 0 0 0 0 0 0 0 0 0 0 0 0 0 0 0 0 0 0 0 0 0 0 0 0 0 0 0 0 0 0 0 0 0 0 0 0 0 0 0 0 0 0 0 0 0 0 0 0 0 0 0 0 0 0 0 0 0 0 0 0 0 0 0 0 0 0 0 0 0 0 0 0 0 0 0 0 
0 0 0 0 0 0 0 0 0 0 0 0 0 0 0 0 0 0 0 0 0 0 0 0 0 0 0 0 0 0 0 0 0 0 0 0 0 0 0 0 0 0 0 0 0 0 0 0 0 0 0 0 0 0 0 0 0 0 0 0 0 0 0 0 0 0 0 0 0 0 0 0 0 0 0 0 0 0 0 0 0 0 0 0 0 0 0 0 0 0 0 0 0 0 0 0 0 0 0 0 
0 0 0 0 0 0 0 0 0 0 0 0 0 0 0 0 0 0 0 0 0 0 0 0 0 0 0 0 0 0 0 0 0 0 0 0 0 0 0 0 0 0 0 0 0 0 0 0 0 0 0 0 0 0 0 0 0 0 0 0 0 0 0 0 0 0 0 0 0 0 0 0 0 0 0 0 0 0 0 0 0 0 0 0 0 0 0 0 0 0 0 0 0 0 0 0 0 0 0 0 
0 0 0 0 0 0 0 0 0 0 0 0 0 0 0 0 0 0 0 0 0 0 0 0 0 0 0 0 0 0 0 0 0 0 0 0 0 0 0 0 0 0 0 0 0 0 0 0 0 0 0 0 0 0 0 0 0 0 0 0 0 0 0 0 0 0 0 0 0 0 0 0 0 0 0 0 0 0 0 0 0 0 0 0 0 0 0 0 0 0 0 0 0 0 0 0 0 0 0 0 
0 0 0 0 0 0 0 0 0 0 0 0 0 0 0 0 0 0 0 0 0 0 0 0 0 0 0 0 0 0 0 0 0 0 0 0 0 0 0 0 0 0 0 0 0 0 0 0 0 0 0 0 0 0 0 0 0 0 0 0 0 0 0 0 0 0 0 0 0 0 0 0 0 0 0 0 0 0 0 0 0 0 0 0 0 0 0 0 0 0 0 0 0 0 0 0 0 0 0 0 
0 0 0 0 0 0 0 0 0 0 0 0 0 0 0 0 0 0 0 0 0 0 0 0 0 0 0 0 0 0 0 0 0 0 0 0 0 0 0 0 0 0 0 0 0 0 0 0 0 0 0 0 0 0 0 0 0 0 0 0 0 0 0 0 0 0 0 0 0 0 0 0 0 0 0 0 0 0 0 0 0 0 0 0 0 0 0 0 0 0 0 0 0 0 0 0 0 0 0 0 
0 0 0 0 0 0 0 0 0 0 0 0 0 0 0 0 0 0 0 0 0 0 0 0 0 0 0 0 0 0 0 0 0 0 0 0 0 0 0 0 0 0 0 0 0 0 0 0 0 0 0 0 0 0 0 0 0 0 0 0 0 0 0 0 0 0 0 0 0 0 0 0 0 0 0 0 0 0 0 0 0 0 0 0 0 0 0 0 0 0 0 0 0 0 0 0 0 0 0 0 
0 0 0 0 0 0 0 0 0 0 0 0 0 0 0 0 0 0 0 0 0 0 0 0 0 0 0 0 0 0 0 0 0 0 0 0 0 0 0 0 0 0 0 0 0 0 0 0 0 0 0 0 0 0 0 0 0 0 0 0 0 0 0 0 0 0 0 0 0 0 0 0 0 0 0 0 0 0 0 0 0 0 0 0 0 0 0 0 0 0 0 0 0 0 0 0 0 0 0 0 
0 0 0 0 0 0 0 0 0 0 0 0 0 0 0 0 0 0 0 0 0 0 0 0 0 0 0 0 0 0 0 0 0 0 0 0 0 0 0 0 0 0 0 0 0 0 0 0 0 0 0 0 0 0 0 0 0 0 0 0 0 0 0 0 0 0 0 0 0 0 0 0 0 0 0 0 0 0 0 0 0 0 0 0 0 0 0 0 0 0 0 0 0 0 0 0 0 0 0 0 
0 0 0 0 0 0 0 0 0 0 0 0 0 0 0 0 0 0 0 0 0 0 0 0 0 0 0 0 0 0 0 0 0 0 0 0 0 0 0 0 0 0 0 0 0 0 0 0 0 0 0 0 0 0 0 0 0 0 0 0 0 0 0 0 0 0 0 0 0 0 0 0 0 0 0 0 0 0 0 0 0 0 0 0 0 0 0 0 0 0 0 0 0 0 0 0 0 0 0 0 
0 0 0 0 0 0 0 0 0 0 0 0 0 0 0 0 0 0 0 0 0 0 0 0 0 0 0 0 0 0 0 0 0 0 0 0 0 0 0 0 0 0 0 0 0 0 0 0 0 0 0 0 0 0 0 0 0 0 0 0 0 0 0 0 0 0 0 0 0 0 0 0 0 0 0 0 0 0 0 0 0 0 0 0 0 0 0 0 0 0 0 0 0 0 0 0 0 0 0 0 
0 0 0 0 0 0 0 0 0 0 0 0 0 0 0 0 0 0 0 0 0 0 0 0 0 0 0 0 0 0 0 0 0 0 0 0 0 0 0 0 0 0 0 0 0 0 0 0 0 0 0 0 0 0 0 0 0 0 0 0 0 0 0 0 0 0 0 0 0 0 0 0 0 0 0 0 0 0 0 0 0 0 0 0 0 0 0 0 0 0 0 0 0 0 0 0 0 0 0 0 
0 0 0 0 0 0 0 0 0 0 0 0 0 0 0 0 0 0 0 0 0 0 0 0 0 0 0 0 0 0 0 0 0 0 0 0 0 0 0 0 0 0 0 0 0 0 0 0 0 0 0 0 0 0 0 0 0 0 0 0 0 0 0 0 0 0 0 0 0 0 0 0 0 0 0 0 0 0 0 0 0 0 0 0 0 0 0 0 0 0 0 0 0 0 0 0 0 0 0 0 
0 0 0 0 0 0 0 0 0 0 0 0 0 0 0 0 0 0 0 0 0 0 0 0 0 0 0 0 0 0 0 0 0 0 0 0 0 0 0 0 0 0 0 0 0 0 0 0 0 0 0 0 0 0 0 0 0 0 0 0 0 0 0 0 0 0 0 0 0 0 0 0 0 0 0 0 0 0 0 0 0 0 0 0 0 0 0 0 0 0 0 0 0 0 0 0 0 0 0 0 
0 0 0 0 0 0 0 0 0 0 0 0 0 0 0 0 0 0 0 0 0 0 0 0 0 0 0 0 0 0 0 0 0 0 0 0 0 0 0 0 0 0 0 0 0 0 0 0 0 0 0 0 0 0 0 0 0 0 0 0 0 0 0 0 0 0 0 0 0 0 0 0 0 0 0 0 0 0 0 0 0 0 0 0 0 0 0 0 0 0 0 0 0 0 0 0 0 0 0 0 
0 0 0 0 0 0 0 0 0 0 0 0 0 0 0 0 0 0 0 0 0 0 0 0 0 0 0 0 0 0 0 0 0 0 0 0 0 0 0 0 0 0 0 0 0 0 0 0 0 0 0 0 0 0 0 0 0 0 0 0 0 0 0 0 0 0 0 0 0 0 0 0 0 0 0 0 0 0 0 0 0 0 0 0 0 0 0 0 0 0 0 0 0 0 0 0 0 0 0 0 
0 0 0 0 0 0 0 0 0 0 0 0 0 0 0 0 0 0 0 0 0 0 0 0 0 0 0 0 0 0 0 0 0 0 0 0 0 0 0 0 0 0 0 0 0 0 0 0 0 0 0 0 0 0 0 0 0 0 0 0 0 0 0 0 0 0 0 0 0 0 0 0 0 0 0 0 0 0 0 0 0 0 0 0 0 0 0 0 0 0 0 0 0 0 0 0 0 0 0 0 
0 0 0 0 0 0 0 0 0 0 0 0 0 0 0 0 0 0 0 0 0 0 0 0 0 0 0 0 0 0 0 0 0 0 0 0 0 0 0 0 0 0 0 0 0 0 0 0 0 0 0 0 0 0 0 0 0 0 0 0 0 0 0 0 0 0 0 0 0 0 0 0 0 0 0 0 0 0 0 0 0 0 0 0 0 0 0 0 0 0 0 0 0 0 0 0 0 0 0 0 
0 0 0 0 0 0 0 0 0 0 0 0 0 0 0 0 0 0 0 0 0 0 0 0 0 0 0 0 0 0 0 0 0 0 0 0 0 0 0 0 0 0 0 0 0 0 0 0 0 0 0 0 0 0 0 0 0 0 0 0 0 0 0 0 0 0 0 0 0 0 0 0 0 0 0 0 0 0 0 0 0 0 0 0 0 0 0 0 0 0 0 0 0 0 0 0 0 0 0 0 
0 0 0 0 0 0 0 0 0 0 0 0 0 0 0 0 0 0 0 0 0 0 0 0 0 0 0 0 0 0 0 0 0 0 0 0 0 0 0 0 0 0 0 0 0 0 0 0 0 0 0 0 0 0 0 0 0 0 0 0 0 0 0 0 0 0 0 0 0 0 0 0 0 0 0 0 0 0 0 0 0 0 0 0 0 0 0 0 0 0 0 0 0 0 0 0 0 0 0 0 
0 0 0 0 0 0 0 0 0 0 0 0 0 0 0 0 0 0 0 0 0 0 0 0 0 0 0 0 0 0 0 0 0 0 0 0 0 0 0 0 0 0 0 0 0 0 0 0 0 0 0 0 0 0 0 0 0 0 0 0 0 0 0 0 0 0 0 0 0 0 0 0 0 0 0 0 0 0 0 0 0 0 0 0 0 0 0 0 0 0 0 0 0 0 0 0 0 0 0 0 
0 0 0 0 0 0 0 0 0 0 0 0 0 0 0 0 0 0 0 0 0 0 0 0 0 0 0 0 0 0 0 0 0 0 0 0 0 0 0 0 0 0 0 0 0 0 0 0 0 0 0 0 0 0 0 0 0 0 0 0 0 0 0 0 0 0 0 0 0 0 0 0 0 0 0 0 0 0 0 0 0 0 0 0 0 0 0 0 0 0 0 0 0 0 0 0 0 0 0 0 
0 0 0 0 0 0 0 0 0 0 0 0 0 0 0 0 0 0 0 0 0 0 0 0 0 0 0 0 0 0 0 0 0 0 0 0 0 0 0 0 0 0 0 0 0 0 0 0 0 0 0 0 0 0 0 0 0 0 0 0 0 0 0 0 0 0 0 0 0 0 0 0 0 0 0 0 0 0 0 0 0 0 0 0 0 0 0 0 0 0 0 0 0 0 0 0 0 0 0 0 
0 0 0 0 0 0 0 0 0 0 0 0 0 0 0 0 0 0 0 0 0 0 0 0 0 0 0 0 0 0 0 0 0 0 0 0 0 0 0 0 0 0 0 0 0 0 0 0 0 0 0 0 0 0 0 0 0 0 0 0 0 0 0 0 0 0 0 0 0 0 0 0 0 0 0 0 0 0 0 0 0 0 0 0 0 0 0 0 0 0 0 0 0 0 0 0 0 0 0 0 
0 0 0 0 0 0 0 0 0 0 0 0 0 0 0 0 0 0 0 0 0 0 0 0 0 0 0 0 0 0 0 0 0 0 0 0 0 0 0 0 0 0 0 0 0 0 0 0 0 0 0 0 0 0 0 0 0 0 0 0 0 0 0 0 0 0 0 0 0 0 0 0 0 0 0 0 0 0 0 0 0 0 0 0 0 0 0 0 0 0 0 0 0 0 0 0 0 0 0 0 
0 0 0 0 0 0 0 0 0 0 0 0 0 0 0 0 0 0 0 0 0 0 0 0 0 0 0 0 0 0 0 0 0 0 0 0 0 0 0 0 0 0 0 0 0 0 0 0 0 0 0 0 0 0 0 0 0 0 0 0 0 0 0 0 0 0 0 0 0 0 0 0 0 0 0 0 0 0 0 0 0 0 0 0 0 0 0 0 0 0 0 0 0 0 0 0 0 0 0 0 
0 0 0 0 0 0 0 0 0 0 0 0 0 0 0 0 0 0 0 0 0 0 0 0 0 0 0 0 0 0 0 0 0 0 0 0 0 0 0 0 0 0 0 0 0 0 0 0 0 0 0 0 0 0 0 0 0 0 0 0 0 0 0 0 0 0 0 0 0 0 0 0 0 0 0 0 0 0 0 0 0 0 0 0 0 0 0 0 0 0 0 0 0 0 0 0 0 0 0 0 
0 0 0 0 0 0 0 0 0 0 0 0 0 0 0 0 0 0 0 0 0 0 0 0 0 0 0 0 0 0 0 0 0 0 0 0 0 0 0 0 0 0 0 0 0 0 0 0 0 0 0 0 0 0 0 0 0 0 0 0 0 0 0 0 0 0 0 0 0 0 0 0 0 0 0 0 0 0 0 0 0 0 0 0 0 0 0 0 0 0 0 0 0 0 0 0 0 0 0 0 
0 0 0 0 0 0 0 0 0 0 0 0 0 0 0 0 0 0 0 0 0 0 0 0 0 0 0 0 0 0 0 0 0 0 0 0 0 0 0 0 0 0 0 0 0 0 0 0 0 0 0 0 0 0 0 0 0 0 0 0 0 0 0 0 0 0 0 0 0 0 0 0 0 0 0 0 0 0 0 0 0 0 0 0 0 0 0 0 0 0 0 0 0 0 0 0 0 0 0 0 
122 123 124 125 126 122 123 124 125 126 122 123 124 125 126 122 123 124 125 126 0 0 0 0 0 0 0 0 0 0 0 0 0 0 0 0 0 0 0 0 0 0 0 0 0 0 0 0 0 0 0 0 0 0 0 0 0 0 0 0 0 0 0 0 0 0 0 0 0 0 0 0 0 0 0 0 0 0 0 0 122 123 124 125 126 122 123 124 125 126 122 123 124 125 126 122 123 124 125 126 
1824 1825 1826 1827 1828 1824 1825 1826 1827 1828 1824 1825 1826 1827 1828 1824 1825 1826 1827 1828 0 0 0 0 0 0 0 0 0 0 0 0 0 0 0 0 0 0 0 0 0 0 0 0 0 0 0 0 0 0 0 0 0 0 0 0 0 0 0 0 0 0 0 0 0 0 0 0 0 0 0 0 0 0 0 0 0 0 0 0 1824 1825 1826 1827 1828 1824 1825 1826 1827 1828 1824 1825 1826 1827 1828 1824 1825 1826 1827 1828 
1888 1889 1890 1891 1892 1888 1889 1890 1891 1892 1888 1889 1890 1891 1892 1888 1889 1890 1891 1892 0 0 0 0 0 0 0 0 0 0 0 0 0 0 0 0 0 0 0 0 0 0 0 0 0 0 0 0 0 0 0 0 0 0 0 0 0 0 0 0 0 0 0 0 0 0 0 0 0 0 0 0 0 0 0 0 0 0 0 0 1888 1889 1890 1891 1892 1888 1889 1890 1891 1892 1888 1889 1890 1891 1892 1888 1889 1890 1891 1892 
1952 1953 1954 1955 1956 1952 1953 1954 1955 1956 1952 1953 1954 1955 1956 1952 1953 1954 1955 1956 0 0 0 0 0 0 0 0 0 0 0 0 0 0 0 0 0 0 0 0 0 0 0 0 0 0 0 0 0 0 0 0 0 0 0 0 0 0 0 0 0 0 0 0 0 0 0 0 0 0 0 0 0 0 0 0 0 0 0 0 1952 1953 1954 1955 1956 1952 1953 1954 1955 1956 1952 1953 1954 1955 1956 1952 1953 1954 1955 1956 
2016 2017 2018 2019 2020 2016 2017 2018 2019 2020 2016 2017 2018 2019 2020 2016 2017 2018 2019 2020 0 0 0 0 0 0 0 0 0 0 0 0 0 0 0 0 0 0 0 0 0 0 0 0 0 0 0 0 0 0 0 0 0 0 0 0 0 0 0 0 0 0 0 0 0 0 0 0 0 0 0 0 0 0 0 0 0 0 0 0 2016 2017 2018 2019 2020 2016 2017 2018 2019 2020 2016 2017 2018 2019 2020 2016 2017 2018 2019 2020 
2080 2081 2082 2083 2084 2080 2081 2082 2083 2084 2080 2081 2082 2083 2084 2080 2081 2082 2083 2084 0 0 0 0 0 0 0 0 0 0 0 0 0 0 0 0 0 0 0 0 0 0 0 0 0 0 0 0 0 0 0 0 0 0 0 0 0 0 0 0 0 0 0 0 0 0 0 0 0 0 0 0 0 0 0 0 0 0 0 0 2080 2081 2082 2083 2084 2080 2081 2082 2083 2084 2080 2081 2082 2083 2084 2080 2081 2082 2083 2084 
2144 2145 2146 2147 2148 2144 2145 2146 2147 2148 2144 2145 2146 2147 2148 2144 2145 2146 2147 2148 0 0 0 0 0 0 0 0 0 0 0 0 0 0 0 0 0 0 0 0 0 0 0 0 0 0 0 0 0 0 0 0 0 0 0 0 0 0 0 0 0 0 0 0 0 0 0 0 0 0 0 0 0 0 0 0 0 0 0 0 2144 2145 2146 2147 2148 2144 2145 2146 2147 2148 2144 2145 2146 2147 2148 2144 2145 2146 2147 2148 
2208 2209 2210 2211 2212 2208 2209 2210 2211 2212 2208 2209 2210 2211 2212 2208 2209 2210 2211 2212 0 0 0 0 0 0 0 0 0 0 0 0 0 0 0 0 0 0 0 0 0 0 0 0 0 0 0 0 0 0 0 0 0 0 0 0 0 0 0 0 0 0 0 0 0 0 0 0 0 0 0 0 0 0 0 0 0 0 0 0 2208 2209 2210 2211 2212 2208 2209 2210 2211 2212 2208 2209 2210 2211 2212 2208 2209 2210 2211 2212 
2272 2273 2274 2275 2276 2272 2273 2274 2275 2276 2272 2273 2274 2275 2276 2272 2273 2274 2275 2276 0 0 0 0 0 0 0 0 0 0 0 0 0 0 0 0 0 0 0 0 0 0 0 0 0 0 0 0 0 0 0 0 0 0 0 0 0 0 0 0 0 0 0 0 0 0 0 0 0 0 0 0 0 0 0 0 0 0 0 0 2272 2273 2274 2275 2276 2272 2273 2274 2275 2276 2272 2273 2274 2275 2276 2272 2273 2274 2275 2276 
1760 1761 1762 1763 1764 1760 1761 1762 1763 1764 1760 1761 1762 1763 1764 1760 1761 1762 1763 1764 0 0 0 0 0 0 0 0 0 0 0 0 0 0 0 0 0 0 0 0 0 0 0 0 0 0 0 0 0 0 0 0 0 0 0 0 0 0 0 0 0 0 0 0 0 0 0 0 0 0 0 0 0 0 0 0 0 0 0 0 1760 1761 1762 1763 1764 1760 1761 1762 1763 1764 1760 1761 1762 1763 1764 1760 1761 1762 1763 1764 
1824 1825 1826 1827 1828 1824 1825 1826 1827 1828 1824 1825 1826 1827 1828 1824 1825 1826 1827 1828 0 0 0 0 0 0 0 0 0 0 0 0 0 0 0 0 0 0 0 0 0 0 0 0 0 0 0 0 0 0 0 0 0 0 0 0 0 0 0 0 0 0 0 0 0 0 0 0 0 0 0 0 0 0 0 0 0 0 0 0 1824 1825 1826 1827 1828 1824 1825 1826 1827 1828 1824 1825 1826 1827 1828 1824 1825 1826 1827 1828 
1888 1889 1890 1891 1892 1888 1889 1890 1891 1892 1888 1889 1890 1891 1892 1888 1889 1890 1891 1892 0 0 0 0 0 0 0 0 0 0 0 0 0 0 0 0 0 0 0 0 0 0 0 0 0 0 0 0 0 0 0 0 0 0 0 0 0 0 0 0 0 0 0 0 0 0 0 0 0 0 0 0 0 0 0 0 0 0 0 0 1888 1889 1890 1891 1892 1888 1889 1890 1891 1892 1888 1889 1890 1891 1892 1888 1889 1890 1891 1892 
1952 1953 1954 1955 1956 1952 1953 1954 1955 1956 1952 1953 1954 1955 1956 1952 1953 1954 1955 1956 0 0 0 0 0 0 0 0 0 0 0 0 0 0 0 0 0 0 0 0 0 0 0 0 0 0 0 0 0 0 0 0 0 0 0 0 0 0 0 0 0 0 0 0 0 0 0 0 0 0 0 0 0 0 0 0 0 0 0 0 1952 1953 1954 1955 1956 1952 1953 1954 1955 1956 1952 1953 1954 1955 1956 1952 1953 1954 1955 1956 
2016 2017 2018 2019 2020 2016 2017 2018 2019 2020 2016 2017 2018 2019 2020 2016 2017 2018 2019 2020 0 0 0 0 0 0 0 0 0 0 0 0 0 0 0 0 0 0 0 0 0 0 0 0 0 0 0 0 0 0 0 0 0 0 0 0 0 0 0 0 0 0 0 0 0 0 0 0 0 0 0 0 0 0 0 0 0 0 0 0 2016 2017 2018 2019 2020 2016 2017 2018 2019 2020 2016 2017 2018 2019 2020 2016 2017 2018 2019 2020 
2080 2081 2082 2083 2084 2080 2081 2082 2083 2084 2080 2081 2082 2083 2084 2080 2081 2082 2083 2084 0 0 0 0 0 0 0 0 0 0 0 0 0 0 0 0 0 0 0 0 0 0 0 0 0 0 0 0 0 0 0 0 0 0 0 0 0 0 0 0 0 0 0 0 0 0 0 0 0 0 0 0 0 0 0 0 0 0 0 0 2080 2081 2082 2083 2084 2080 2081 2082 2083 2084 2080 2081 2082 2083 2084 2080 2081 2082 2083 2084 
2144 2145 2146 2147 2148 2144 2145 2146 2147 2148 2144 2145 2146 2147 2148 2144 2145 2146 2147 2148 0 0 0 0 0 0 0 0 0 0 0 0 0 0 0 0 0 0 0 0 0 0 0 0 0 0 0 0 0 0 0 0 0 0 0 0 0 0 0 0 0 0 0 0 0 0 0 0 0 0 0 0 0 0 0 0 0 0 0 0 2144 2145 2146 2147 2148 2144 2145 2146 2147 2148 2144 2145 2146 2147 2148 2144 2145 2146 2147 2148 
2208 2209 2210 2211 2212 2208 2209 2210 2211 2212 2208 2209 2210 2211 2212 2208 2209 2210 2211 2212 0 0 0 0 0 0 0 0 0 0 0 0 0 0 0 0 0 0 0 0 0 0 0 0 0 0 0 0 0 0 0 0 0 0 0 0 0 0 0 0 0 0 0 0 0 0 0 0 0 0 0 0 0 0 0 0 0 0 0 0 2208 2209 2210 2211 2212 2208 2209 2210 2211 2212 2208 2209 2210 2211 2212 2208 2209 2210 2211 2212 
2272 2273 2274 2275 2276 2272 2273 2274 2275 2276 2272 2273 2274 2275 2276 2272 2273 2274 2275 2276 0 0 0 0 0 0 0 0 0 0 0 0 0 0 0 0 0 0 0 0 0 0 0 0 0 0 0 0 0 0 0 0 0 0 0 0 0 0 0 0 0 0 0 0 0 0 0 0 0 0 0 0 0 0 0 0 0 0 0 0 2272 2273 2274 2275 2276 2272 2273 2274 2275 2276 2272 2273 2274 2275 2276 2272 2273 2274 2275 2276 
1760 1761 1762 1763 1764 1760 1761 1762 1763 1764 1760 1761 1762 1763 1764 1760 1761 1762 1763 1764 0 0 0 0 0 0 0 0 0 0 0 0 0 0 0 0 0 0 0 0 0 0 0 0 0 0 0 0 0 0 0 0 0 0 0 0 0 0 0 0 0 0 0 0 0 0 0 0 0 0 0 0 0 0 0 0 0 0 0 0 1760 1761 1762 1763 1764 1760 1761 1762 1763 1764 1760 1761 1762 1763 1764 1760 1761 1762 1763 1764 
1824 1825 1826 1827 1828 1824 1825 1826 1827 1828 1824 1825 1826 1827 1828 1824 1825 1826 1827 1828 0 0 0 0 0 0 0 0 0 0 0 0 0 0 0 0 0 0 0 0 0 0 0 0 0 0 0 0 0 0 0 0 0 0 0 0 0 0 0 0 0 0 0 0 0 0 0 0 0 0 0 0 0 0 0 0 0 0 0 0 1824 1825 1826 1827 1828 1824 1825 1826 1827 1828 1824 1825 1826 1827 1828 1824 1825 1826 1827 1828 
1888 1889 1890 1891 1892 1888 1889 1890 1891 1892 1888 1889 1890 1891 1892 1888 1889 1890 1891 1892 0 0 0 0 0 0 0 0 0 0 0 0 0 0 0 0 0 0 0 0 0 0 0 0 0 0 0 0 0 0 0 0 0 0 0 0 0 0 0 0 0 0 0 0 0 0 0 0 0 0 0 0 0 0 0 0 0 0 0 0 1888 1889 1890 1891 1892 1888 1889 1890 1891 1892 1888 1889 1890 1891 1892 1888 1889 1890 1891 1892 
1952 1953 1954 1955 1956 1952 1953 1954 1955 1956 1952 1953 1954 1955 1956 1952 1953 1954 1955 1956 0 0 0 0 0 0 0 0 0 0 0 0 0 0 0 0 0 0 0 0 0 0 0 0 0 0 0 0 0 0 0 0 0 0 0 0 0 0 0 0 0 0 0 0 0 0 0 0 0 0 0 0 0 0 0 0 0 0 0 0 1952 1953 1954 1955 1956 1952 1953 1954 1955 1956 1952 1953 1954 1955 1956 1952 1953 1954 1955 1956 
2016 2017 2018 2019 2020 2016 2017 2018 2019 2020 2016 2017 2018 2019 2020 2016 2017 2018 2019 2020 0 0 0 0 0 0 0 0 0 0 0 0 0 0 0 0 0 0 0 0 0 0 0 0 0 0 0 0 0 0 0 0 0 0 0 0 0 0 0 0 0 0 0 0 0 0 0 0 0 0 0 0 0 0 0 0 0 0 0 0 2016 2017 2018 2019 2020 2016 2017 2018 2019 2020 2016 2017 2018 2019 2020 2016 2017 2018 2019 2020 
2080 2081 2082 2083 2084 2080 2081 2082 2083 2084 2080 2081 2082 2083 2084 2080 2081 2082 2083 2084 0 0 0 0 0 0 0 0 0 0 0 0 0 0 0 0 0 0 0 0 0 0 0 0 0 0 0 0 0 0 0 0 0 0 0 0 0 0 0 0 0 0 0 0 0 0 0 0 0 0 0 0 0 0 0 0 0 0 0 0 2080 2081 2082 2083 2084 2080 2081 2082 2083 2084 2080 2081 2082 2083 2084 2080 2081 2082 2083 2084 
2144 2145 2146 2147 2148 2144 2145 2146 2147 2148 2144 2145 2146 2147 2148 2144 2145 2146 2147 2148 0 0 0 0 0 0 0 0 0 0 0 0 0 0 0 0 0 0 0 0 0 0 0 0 0 0 0 0 0 0 0 0 0 0 0 0 0 0 0 0 0 0 0 0 0 0 0 0 0 0 0 0 0 0 0 0 0 0 0 0 2144 2145 2146 2147 2148 2144 2145 2146 2147 2148 2144 2145 2146 2147 2148 2144 2145 2146 2147 2148 
2208 2209 2210 2211 2212 2208 2209 2210 2211 2212 2208 2209 2210 2211 2212 2208 2209 2210 2211 2212 0 0 0 0 0 0 0 0 0 0 0 0 0 0 0 0 0 0 0 0 0 0 0 0 0 0 0 0 0 0 0 0 0 0 0 0 0 0 0 0 0 0 0 0 0 0 0 0 0 0 0 0 0 0 0 0 0 0 0 0 2208 2209 2210 2211 2212 2208 2209 2210 2211 2212 2208 2209 2210 2211 2212 2208 2209 2210 2211 2212 
2272 2273 2274 2275 2276 2272 2273 2274 2275 2276 2272 2273 2274 2275 2276 2272 2273 2274 2275 2276 0 0 0 0 0 0 0 0 0 0 0 0 0 0 0 0 0 0 0 0 0 0 0 0 0 0 0 0 0 0 0 0 0 0 0 0 0 0 0 0 0 0 0 0 0 0 0 0 0 0 0 0 0 0 0 0 0 0 0 0 2272 2273 2274 2275 2276 2272 2273 2274 2275 2276 2272 2273 2274 2275 2276 2272 2273 2274 2275 2276 
1760 1761 1762 1763 1764 1760 1761 1762 1763 1764 1760 1761 1762 1763 1764 1760 1761 1762 1763 1764 0 0 0 0 0 0 0 0 0 0 0 0 0 0 0 0 0 0 0 0 0 0 0 0 0 0 0 0 0 0 0 0 0 0 0 0 0 0 0 0 0 0 0 0 0 0 0 0 0 0 0 0 0 0 0 0 0 0 0 0 1760 1761 1762 1763 1764 1760 1761 1762 1763 1764 1760 1761 1762 1763 1764 1760 1761 1762 1763 1764 
1824 1825 1826 1827 1828 1824 1825 1826 1827 1828 1824 1825 1826 1827 1828 1824 1825 1826 1827 1828 0 0 0 0 0 0 0 0 0 0 0 0 0 0 0 0 0 0 0 0 0 0 0 0 0 0 0 0 0 0 0 0 0 0 0 0 0 0 0 0 0 0 0 0 0 0 0 0 0 0 0 0 0 0 0 0 0 0 0 0 1824 1825 1826 1827 1828 1824 1825 1826 1827 1828 1824 1825 1826 1827 1828 1824 1825 1826 1827 1828 
1888 1889 1890 1891 1892 1888 1889 1890 1891 1892 1888 1889 1890 1891 1892 1888 1889 1890 1891 1892 0 0 0 0 0 0 0 0 0 0 0 0 0 0 0 0 0 0 0 0 0 0 0 0 0 0 0 0 0 0 0 0 0 0 0 0 0 0 0 0 0 0 0 0 0 0 0 0 0 0 0 0 0 0 0 0 0 0 0 0 1888 1889 1890 1891 1892 1888 1889 1890 1891 1892 1888 1889 1890 1891 1892 1888 1889 1890 1891 1892 
1952 1953 1954 1955 1956 1952 1953 1954 1955 1956 1952 1953 1954 1955 1956 1952 1953 1954 1955 1956 0 0 0 0 0 0 0 0 0 0 0 0 0 0 0 0 0 0 0 0 0 0 0 0 0 0 0 0 0 0 0 0 0 0 0 0 0 0 0 0 0 0 0 0 0 0 0 0 0 0 0 0 0 0 0 0 0 0 0 0 1952 1953 1954 1955 1956 1952 1953 1954 1955 1956 1952 1953 1954 1955 1956 1952 1953 1954 1955 1956 
2016 2017 2018 2019 2020 2016 2017 2018 2019 2020 2016 2017 2018 2019 2020 2016 2017 2018 2019 2020 0 0 0 0 0 0 0 0 0 0 0 0 0 0 0 0 0 0 0 0 0 0 0 0 0 0 0 0 0 0 0 0 0 0 0 0 0 0 0 0 0 0 0 0 0 0 0 0 0 0 0 0 0 0 0 0 0 0 0 0 2016 2017 2018 2019 2020 2016 2017 2018 2019 2020 2016 2017 2018 2019 2020 2016 2017 2018 2019 2020 
2080 2081 2082 2083 2084 2080 2081 2082 2083 2084 2080 2081 2082 2083 2084 2080 2081 2082 2083 2084 0 0 0 0 0 0 0 0 0 0 0 0 0 0 0 0 0 0 0 0 0 0 0 0 0 0 0 0 0 0 0 0 0 0 0 0 0 0 0 0 0 0 0 0 0 0 0 0 0 0 0 0 0 0 0 0 0 0 0 0 2080 2081 2082 2083 2084 2080 2081 2082 2083 2084 2080 2081 2082 2083 2084 2080 2081 2082 2083 2084 
2144 2145 2146 2147 2148 2144 2145 2146 2147 2148 2144 2145 2146 2147 2148 2144 2145 2146 2147 2148 0 0 0 0 0 0 0 0 0 0 0 0 0 0 0 0 0 0 0 0 0 0 0 0 0 0 0 0 0 0 0 0 0 0 0 0 0 0 0 0 0 0 0 0 0 0 0 0 0 0 0 0 0 0 0 0 0 0 0 0 2144 2145 2146 2147 2148 2144 2145 2146 2147 2148 2144 2145 2146 2147 2148 2144 2145 2146 2147 2148 
2208 2209 2210 2211 2212 2208 2209 2210 2211 2212 2208 2209 2210 2211 2212 2208 2209 2210 2211 2212 0 0 0 0 0 0 0 0 0 0 0 0 0 0 0 0 0 0 0 0 0 0 0 0 0 0 0 0 0 0 0 0 0 0 0 0 0 0 0 0 0 0 0 0 0 0 0 0 0 0 0 0 0 0 0 0 0 0 0 0 2208 2209 2210 2211 2212 2208 2209 2210 2211 2212 2208 2209 2210 2211 2212 2208 2209 2210 2211 2212 
2272 2273 2274 2275 2276 2272 2273 2274 2275 2276 2272 2273 2274 2275 2276 2272 2273 2274 2275 2276 0 0 0 0 0 0 0 0 0 0 0 0 0 0 0 0 0 0 0 0 0 0 0 0 0 0 0 0 0 0 0 0 0 0 0 0 0 0 0 0 0 0 0 0 0 0 0 0 0 0 0 0 0 0 0 0 0 0 0 0 2272 2273 2274 2275 2276 2272 2273 2274 2275 2276 2272 2273 2274 2275 2276 2272 2273 2274 2275 2276 
79 80 81 82 83 84 85 86 87 88 89 79 80 81 82 83 84 85 86 87 88 89 79 80 81 82 83 84 85 86 87 88 89 79 80 81 82 83 84 85 86 87 88 89 79 80 81 82 83 84 85 86 87 88 89 79 80 81 82 83 84 85 86 87 88 89 79 80 81 82 83 84 85 86 87 88 89 79 80 81 82 83 84 85 86 87 88 89 79 80 81 82 83 84 85 86 87 88 89 79 
3604 3605 3606 3607 3608 3609 3610 3611 3612 3613 3614 3604 3605 3606 3607 3608 3609 3610 3611 3612 3613 3614 3604 3605 3606 3607 3608 3609 3610 3611 3612 3613 3614 3604 3605 3606 3607 3608 3609 3610 3611 3612 3613 3614 3604 3605 3606 3607 3608 3609 3610 3611 3612 3613 3614 3604 3605 3606 3607 3608 3609 3610 3611 3612 3613 3614 3604 3605 3606 3607 3608 3609 3610 3611 3612 3613 3614 3604 3605 3606 3607 3608 3609 3610 3611 3612 3613 3614 3604 3605 3606 3607 3608 3609 3610 3611 3612 3613 3614 3604 
3668 3669 3670 3671 3672 3673 3674 3675 3676 3677 3678 3668 3669 3670 3671 3672 3673 3674 3675 3676 3677 3678 3668 3669 3670 3671 3672 3673 3674 3675 3676 3677 3678 3668 3669 3670 3671 3672 3673 3674 3675 3676 3677 3678 3668 3669 3670 3671 3672 3673 3674 3675 3676 3677 3678 3668 3669 3670 3671 3672 3673 3674 3675 3676 3677 3678 3668 3669 3670 3671 3672 3673 3674 3675 3676 3677 3678 3668 3669 3670 3671 3672 3673 3674 3675 3676 3677 3678 3668 3669 3670 3671 3672 3673 3674 3675 3676 3677 3678 3668 
3732 3733 3734 3735 3736 3737 3738 3739 3740 3741 3742 3732 3733 3734 3735 3736 3737 3738 3739 3740 3741 3742 3732 3733 3734 3735 3736 3737 3738 3739 3740 3741 3742 3732 3733 3734 3735 3736 3737 3738 3739 3740 3741 3742 3732 3733 3734 3735 3736 3737 3738 3739 3740 3741 3742 3732 3733 3734 3735 3736 3737 3738 3739 3740 3741 3742 3732 3733 3734 3735 3736 3737 3738 3739 3740 3741 3742 3732 3733 3734 3735 3736 3737 3738 3739 3740 3741 3742 3732 3733 3734 3735 3736 3737 3738 3739 3740 3741 3742 3732 
3796 3797 3798 3799 3800 3801 3802 3803 3804 3805 3806 3796 3797 3798 3799 3800 3801 3802 3803 3804 3805 3806 3796 3797 3798 3799 3800 3801 3802 3803 3804 3805 3806 3796 3797 3798 3799 3800 3801 3802 3803 3804 3805 3806 3796 3797 3798 3799 3800 3801 3802 3803 3804 3805 3806 3796 3797 3798 3799 3800 3801 3802 3803 3804 3805 3806 3796 3797 3798 3799 3800 3801 3802 3803 3804 3805 3806 3796 3797 3798 3799 3800 3801 3802 3803 3804 3805 3806 3796 3797 3798 3799 3800 3801 3802 3803 3804 3805 3806 3796 
3860 3861 3862 3863 3864 3865 3866 3867 3868 3869 3870 3860 3861 3862 3863 3864 3865 3866 3867 3868 3869 3870 3860 3861 3862 3863 3864 3865 3866 3867 3868 3869 3870 3860 3861 3862 3863 3864 3865 3866 3867 3868 3869 3870 3860 3861 3862 3863 3864 3865 3866 3867 3868 3869 3870 3860 3861 3862 3863 3864 3865 3866 3867 3868 3869 3870 3860 3861 3862 3863 3864 3865 3866 3867 3868 3869 3870 3860 3861 3862 3863 3864 3865 3866 3867 3868 3869 3870 3860 3861 3862 3863 3864 3865 3866 3867 3868 3869 3870 3860 
3924 3925 3926 3927 3928 3929 3930 3931 3932 3933 3934 3924 3925 3926 3927 3928 3929 3930 3931 3932 3933 3934 3924 3925 3926 3927 3928 3929 3930 3931 3932 3933 3934 3924 3925 3926 3927 3928 3929 3930 3931 3932 3933 3934 3924 3925 3926 3927 3928 3929 3930 3931 3932 3933 3934 3924 3925 3926 3927 3928 3929 3930 3931 3932 3933 3934 3924 3925 3926 3927 3928 3929 3930 3931 3932 3933 3934 3924 3925 3926 3927 3928 3929 3930 3931 3932 3933 3934 3924 3925 3926 3927 3928 3929 3930 3931 3932 3933 3934 3924 
3988 3989 3990 3991 3992 3993 3994 3995 3996 3997 3998 3988 3989 3990 3991 3992 3993 3994 3995 3996 3997 3998 3988 3989 3990 3991 3992 3993 3994 3995 3996 3997 3998 3988 3989 3990 3991 3992 3993 3994 3995 3996 3997 3998 3988 3989 3990 3991 3992 3993 3994 3995 3996 3997 3998 3988 3989 3990 3991 3992 3993 3994 3995 3996 3997 3998 3988 3989 3990 3991 3992 3993 3994 3995 3996 3997 3998 3988 3989 3990 3991 3992 3993 3994 3995 3996 3997 3998 3988 3989 3990 3991 3992 3993 3994 3995 3996 3997 3998 3988 
